24300869
1728469734
-2049129979
-1420644482
-1763336943
-1281584889
1262117900
27511347
-1401077056
-27849875
892859183
388632637
-497725153
657246664
-853661448
-882850763
-1195714519
-1144936965
-172104339
1839633257
-1268031061
476265963
1285830220
-1986279986
-827026389
-2012600679
-923726184
387905844
-1607426042
1842527346
-597462444
-864166981
-1577461032
-2050874139
-887743858
-1596810875
-638440161
-1562290890
-1936468578
-1495404116
-513722846
1728131730
1973102511
-1992743306
737561103
-904388766
157085566
-960873273
-429281693
626690531
-1954933919
-1130873130
1909110926
1513443318
1841330827
-360417756
289321685
141167668
770168462
919130280
-1647400070
838508613
479396128
1288365390
757109275
1486000241
1340273185
844516258
1591363415
334627959
1832161756
-2029503800
791904951
1959231901
1064496013
1751229359
-1775914294
-1465732600
1039893538
-73123194
536296337
1132186957
1135270213
670180206
-271468771
653293127
176376986
242169456
99163254
537928234
1589706565
1990069936
448000191
1067408600
-128884306
1377982691
907208343
2002419315
466451336
-4909826
